40  2516 50.000000 1 
72  11223 60.000000 1 
122  44189 21.000000 1 
147  42679  1.000000 0 
184  13271 9.000000 1 
195  36792 73.000000 1 
251  25857 30.000000 1 
293  12907 8.000000 1 
298  46307 79.000000 1 
313  13984 89.000000 1 
381  36102 15.000000 1 
383  18596 26.000000 1 
399  395  1.000000 0 
438  19301 31.000000 1 
441  43415 59.000000 1 
457  22072 59.000000 1 
467  39797 9.000000 1 
490  32651 96.000000 1 
496  37377 19.000000 1 
518  18192 43.000000 1 
561  15697 0.000000 1 
609  15128 3.000000 1 
688  8616 22.000000 1 
689  38145 54.000000 1 
721  3257 10.000000 1 
727  16273 74.000000 1 
761  3418 25.000000 1 
797  20312 18.000000 1 
810  4328 91.000000 1 
827  11280 57.000000 1 
858  30676 7.000000 1 
866  879  1.000000 0 
881  48085  0.990000 0 
888  34493 17.000000 1 
905  27190 10.000000 1 
917  43575 15.000000 1 
930  7809 48.000000 1 
969  13580 44.000000 1 
1017  21080 59.000000 1 
1043  16107 71.000000 1 
1094  8375  0.990000 0 
1103  3234 20.000000 1 
1132  16040  1.000000 0 
1144  13472 26.000000 1 
1176  41526 36.000000 1 
1211  1279  1.000000 0 
1228  1248  1.000000 0 
1237  2263  0.990000 0 
1242  18838 77.000000 1 
1257  1151  0.990000 0 
1278  19650 60.000000 1 
1298  30964 68.000000 1 
1313  17252 30.000000 1 
1316  26500 97.000000 1 
1322  5635 63.000000 1 
1335  45727 92.000000 1 
1363  25992 65.000000 1 
1371  41438 38.000000 1 
1380  30255 51.000000 1 
1400  2891 5.000000 1 
1435  32462 85.000000 1 
1462  22406 81.000000 1 
1486  41887 96.000000 1 
1496  47668 2.000000 1 
1536  22671 92.000000 1 
1570  26017 51.000000 1 
1599  24668 63.000000 1 
1600  17293 57.000000 1 
1626  12367 47.000000 1 
1631  32553  0.990000 0 
1663  35562 47.000000 1 
1665  40614 97.000000 1 
1677  4602 39.000000 1 
1706  29166 87.000000 1 
1710  9006 99.000000 1 
1745  25911 37.000000 1 
1796  3342 98.000000 1 
1821  43354 92.000000 1 
1830  35348 7.000000 1 
1832  5811 26.000000 1 
1837  13557 79.000000 1 
1841  18355 25.000000 1 
1854  14812 50.000000 1 
1863  30881  1.000000 0 
1888  44170 94.000000 1 
1889  3932  1.000000 0 
1954  15130 28.000000 1 
1967  29470 85.000000 1 
1974  6123 5.000000 1 
2021  32276 37.000000 1 
2091  2112  1.000000 0 
2102  22595 24.000000 1 
2119  45545 70.000000 1 
2198  8262 54.000000 1 
2214  16021  0.990000 0 
2222  1155  1.000000 0 
2224  5776 89.000000 1 
2226  44534 49.000000 1 
2242  2265  0.990000 0 
2244  24459 30.000000 1 
2257  40104  0.990000 0 
2282  2267  1.000000 0 
2290  26215 84.000000 1 
2294  2270  0.990000 0 
2323  30309 85.000000 1 
2381  19472 2.000000 1 
2390  32605 48.000000 1 
2418  40615 18.000000 1 
2461  11873 60.000000 1 
2546  13001 73.000000 1 
2559  39906 46.000000 1 
2602  21223 68.000000 1 
2625  20184 68.000000 1 
2632  46834 68.000000 1 
2720  13644 98.000000 1 
2724  21800 65.000000 1 
2740  27016 46.000000 1 
2740  4572  0.990000 0 
2769  4266 67.000000 1 
2780  10003  1.000000 0 
2784  7665 66.000000 1 
2819  23843  0.990000 0 
2850  15312 38.000000 1 
2854  29360 6.000000 1 
2886  17049 14.000000 1 
2919  28025 11.000000 1 
2924  2919  1.000000 0 
2932  10259  1.000000 0 
2951  16255 39.000000 1 
2986  45126 27.000000 1 
3000  13941 56.000000 1 
3014  3776 27.000000 1 
3018  24400 41.000000 1 
3029  1385  0.990000 0 
3054  22329 83.000000 1 
3063  16013  0.990000 0 
3113  34401 64.000000 1 
3118  46802 83.000000 1 
3126  14583 53.000000 1 
3133  38310 35.000000 1 
3165  10308 23.000000 1 
3173  48098 23.000000 1 
3210  5431  1.000000 0 
3217  6796 40.000000 1 
3225  26258 49.000000 1 
3228  20853 78.000000 1 
3251  11804 99.000000 1 
3253  37471 3.000000 1 
3260  9325 23.000000 1 
3278  47274 50.000000 1 
3286  26903 44.000000 1 
3315  41893 15.000000 1 
3359  39439 52.000000 1 
3389  4930 17.000000 1 
3390  38869 12.000000 1 
3417  25784 82.000000 1 
3461  38585 32.000000 1 
3465  18367 94.000000 1 
3481  32947 43.000000 1 
3483  3485  0.990000 0 
3488  34311 86.000000 1 
3526  2960  0.990000 0 
3533  3531  1.000000 0 
3546  22075 15.000000 1 
3552  3534  0.990000 0 
3590  24596 11.000000 1 
3595  48258 72.000000 1 
3628  43499 66.000000 1 
3655  26669 74.000000 1 
3679  39968 5.000000 1 
3691  47945 99.000000 1 
3699  32607  0.990000 0 
3750  7742 71.000000 1 
3785  48691 55.000000 1 
3800  26845  0.990000 0 
3836  16413 4.000000 1 
3851  4090 1.000000 1 
3855  29053 87.000000 1 
3865  40694 93.000000 1 
3869  21492 65.000000 1 
3879  45186 57.000000 1 
3884  12117 31.000000 1 
3887  17163 40.000000 1 
3903  31935 39.000000 1 
3916  27689 27.000000 1 
3921  11026 91.000000 1 
3955  34028 11.000000 1 
4122  7775 93.000000 1 
4166  47034 15.000000 1 
4175  38850 23.000000 1 
4179  16705 66.000000 1 
4185  36093 52.000000 1 
4190  33555 60.000000 1 
4253  5509 34.000000 1 
4301  8368 75.000000 1 
4316  5348 70.000000 1 
4333  22397  0.990000 0 
4334  21699 18.000000 1 
4346  26492 16.000000 1 
4353  4362  0.990000 0 
4381  7559  0.990000 0 
4410  9777 23.000000 1 
4423  28646 78.000000 1 
4425  25846 7.000000 1 
4475  32212 46.000000 1 
4523  30802 94.000000 1 
4565  10175 4.000000 1 
4566  38936 0.000000 1 
4579  6474 12.000000 1 
4623  24920 44.000000 1 
4630  19717 18.000000 1 
4630  21744  0.990000 0 
4653  44581 14.000000 1 
4694  26873 56.000000 1 
4732  27266 79.000000 1 
4746  4756  0.990000 0 
4755  15392 40.000000 1 
4786  23570 90.000000 1 
4822  4849  0.990000 0 
4926  47656 72.000000 1 
4936  20026 11.000000 1 
4984  9976 44.000000 1 
5050  7349 89.000000 1 
5070  21075 91.000000 1 
5079  22812 28.000000 1 
5109  10357 28.000000 1 
5124  19174 77.000000 1 
5137  41474 47.000000 1 
5141  5150  0.990000 0 
5147  5155  1.000000 0 
5156  17371 62.000000 1 
5161  38957  1.000000 0 
5201  27993 24.000000 1 
5223  41088 19.000000 1 
5245  33598 50.000000 1 
5281  16839 92.000000 1 
5308  44285 64.000000 1 
5320  41208 63.000000 1 
5325  28539 64.000000 1 
5384  46617 84.000000 1 
5384  47270 36.000000 1 
5422  42027  0.990000 0 
5434  38456 12.000000 1 
5462  30866 80.000000 1 
5525  19479 26.000000 1 
5529  5517  1.000000 0 
5558  42436 14.000000 1 
5574  37842 60.000000 1 
5592  48174 49.000000 1 
5647  24002 76.000000 1 
5663  20456 32.000000 1 
5687  33545 44.000000 1 
5701  17661 64.000000 1 
5708  43741 64.000000 1 
5752  32337 8.000000 1 
5768  24340 9.000000 1 
5773  27160 34.000000 1 
5830  8970 38.000000 1 
5866  5860  0.990000 0 
5906  32881 84.000000 1 
5916  16327 73.000000 1 
5931  21426 37.000000 1 
5974  7542  0.990000 0 
5978  5987  0.990000 0 
5987  46940  1.000000 0 
6063  10031 74.000000 1 
6073  26642 21.000000 1 
6095  13150 46.000000 1 
6122  48592 41.000000 1 
6139  35078 33.000000 1 
6147  6164  0.990000 0 
6227  41815  1.000000 0 
6237  29845 88.000000 1 
6248  21707 89.000000 1 
6253  45878 55.000000 1 
6262  43832 86.000000 1 
6265  22443 34.000000 1 
6286  45354 66.000000 1 
6304  27459 25.000000 1 
6305  7596 47.000000 1 
6379  46807 78.000000 1 
6397  23276 53.000000 1 
6423  27822 37.000000 1 
6437  43754 31.000000 1 
6438  18736 23.000000 1 
6444  19840 70.000000 1 
6473  11782 25.000000 1 
6506  8236  1.000000 0 
6517  15160  0.990000 0 
6550  30607 79.000000 1 
6559  11954 54.000000 1 
6563  25532 53.000000 1 
6610  24687 68.000000 1 
6611  9928 70.000000 1 
6641  27116 60.000000 1 
6705  7155 53.000000 1 
6757  18220 29.000000 1 
6826  25614 37.000000 1 
6853  27429 27.000000 1 
6861  28749 24.000000 1 
6861  45779  0.990000 0 
6864  48687 48.000000 1 
6889  23900 13.000000 1 
6889  29731  0.990000 0 
6913  8787 5.000000 1 
6914  34806 93.000000 1 
6978  13965 15.000000 1 
7025  7041  0.990000 0 
7062  12541 24.000000 1 
7094  28088 72.000000 1 
7095  36024 57.000000 1 
7099  11593 40.000000 1 
7177  39519 97.000000 1 
7183  11275 91.000000 1 
7210  40557 62.000000 1 
7230  46764 84.000000 1 
7297  10978 65.000000 1 
7307  48684 38.000000 1 
7324  13526 5.000000 1 
7405  47031 97.000000 1 
7410  7434  1.000000 0 
7412  18792 0.000000 1 
7415  7407  0.990000 0 
7428  7921 50.000000 1 
7462  17923 70.000000 1 
7495  22825 88.000000 1 
7520  16875 28.000000 1 
7527  35025 6.000000 1 
7566  6054  0.990000 0 
7573  32146 34.000000 1 
7577  24569 85.000000 1 
7600  8164 52.000000 1 
7622  15724 50.000000 1 
7660  47236 76.000000 1 
7725  25403 64.000000 1 
7767  13250 19.000000 1 
7780  15220 29.000000 1 
7797  25129 80.000000 1 
7869  17923 50.000000 1 
7914  40102  0.990000 0 
8023  17420 49.000000 1 
8043  29073 42.000000 1 
8050  16392 22.000000 1 
8052  35327 88.000000 1 
8079  44998 59.000000 1 
8100  8094  1.000000 0 
8160  40302 7.000000 1 
8184  18772 39.000000 1 
8192  48677 80.000000 1 
8199  34143 63.000000 1 
8221  38007 38.000000 1 
8240  19555 35.000000 1 
8240  22897  1.000000 0 
8283  32031 79.000000 1 
8309  36596 72.000000 1 
8322  21097 46.000000 1 
8324  18262 12.000000 1 
8327  8316  1.000000 0 
8335  40006 86.000000 1 
8375  36926 86.000000 1 
8421  12995 90.000000 1 
8437  43065 55.000000 1 
8441  36472 17.000000 1 
8458  28209 7.000000 1 
8528  1374  1.000000 0 
8576  9894 55.000000 1 
8660  30798 67.000000 1 
8703  25789 17.000000 1 
8713  8721  0.990000 0 
8725  8706  0.990000 0 
8729  23736 60.000000 1 
8764  30567 42.000000 1 
8777  37216 81.000000 1 
8786  40868 11.000000 1 
8808  19740 1.000000 1 
8819  34906  0.990000 0 
8828  41148  1.000000 0 
8871  43074 76.000000 1 
8920  32484 53.000000 1 
8930  16882 7.000000 1 
8934  48265 86.000000 1 
9000  24701 70.000000 1 
9041  3089  1.000000 0 
9046  14745 11.000000 1 
9047  9299  0.990000 0 
9050  9038  0.990000 0 
9052  24565  0.990000 0 
9081  28491 56.000000 1 
9117  14252 24.000000 1 
9140  44695 87.000000 1 
9186  25111  1.000000 0 
9192  45539 96.000000 1 
9193  9195  0.990000 0 
9195  9202  1.000000 0 
9213  35202 3.000000 1 
9216  10107  0.990000 0 
9250  15021 34.000000 1 
9260  26760 29.000000 1 
9342  36279 24.000000 1 
9371  32817 98.000000 1 
9383  32881 56.000000 1 
9397  45478 32.000000 1 
9412  38909 90.000000 1 
9416  35119 51.000000 1 
9465  41504 58.000000 1 
9545  32335 27.000000 1 
9580  27279 41.000000 1 
9631  15549 40.000000 1 
9672  18183 59.000000 1 
9700  36760 67.000000 1 
9734  25033 9.000000 1 
9763  42328 99.000000 1 
9777  17745 95.000000 1 
9840  9829  0.990000 0 
9845  20485 33.000000 1 
9852  31173 99.000000 1 
10066  29647 45.000000 1 
10085  44758 91.000000 1 
10101  33396 56.000000 1 
10117  48216 76.000000 1 
10136  5132  0.990000 0 
10170  30465 31.000000 1 
10188  29292 55.000000 1 
10193  46391 85.000000 1 
10311  29508 10.000000 1 
10355  40503 37.000000 1 
10402  36153 91.000000 1 
10415  21085 34.000000 1 
10426  11723 5.000000 1 
10515  23285 51.000000 1 
10640  27283 1.000000 1 
10680  6501  0.990000 0 
10703  16636 82.000000 1 
10714  36473 13.000000 1 
10791  22637  0.990000 0 
10890  36130 90.000000 1 
10948  17810 66.000000 1 
10978  31234 51.000000 1 
11011  24026 13.000000 1 
11058  18240 17.000000 1 
11060  18770 24.000000 1 
11075  28605 17.000000 1 
11134  32795 21.000000 1 
11187  14973 56.000000 1 
11211  26445 90.000000 1 
11222  47253 50.000000 1 
11223  35863 32.000000 1 
11262  17969 28.000000 1 
11288  32053 81.000000 1 
11318  30313 82.000000 1 
11318  30715 48.000000 1 
11337  28380 48.000000 1 
11378  42984 41.000000 1 
11392  46837 55.000000 1 
11424  27080 48.000000 1 
11543  18561 2.000000 1 
11581  23061 29.000000 1 
11615  31579 80.000000 1 
11669  47059 46.000000 1 
11703  45949 66.000000 1 
11720  11726  0.990000 0 
11721  24716 50.000000 1 
11733  47130 91.000000 1 
11777  19719 41.000000 1 
11794  27076 78.000000 1 
11814  11812  1.000000 0 
11894  31707 43.000000 1 
11924  4667  1.000000 0 
11946  36361 2.000000 1 
12014  20891 87.000000 1 
12082  43332 27.000000 1 
12086  31216 26.000000 1 
12086  40938 75.000000 1 
12114  41901 44.000000 1 
12119  32267 18.000000 1 
12213  45498 10.000000 1 
12237  16037 8.000000 1 
12247  23063 35.000000 1 
12291  15995 22.000000 1 
12291  27168 1.000000 1 
12309  38411 19.000000 1 
12327  12943 27.000000 1 
12344  41521 76.000000 1 
12380  34515 38.000000 1 
12510  41767 99.000000 1 
12525  44700 16.000000 1 
12545  44195 55.000000 1 
12576  15529 37.000000 1 
12604  19874  0.990000 0 
12617  46048 29.000000 1 
12818  30029 70.000000 1 
12848  35972 66.000000 1 
12915  40325 69.000000 1 
12917  46958 47.000000 1 
12996  20260 25.000000 1 
13008  43864 96.000000 1 
13018  25348 29.000000 1 
13086  19409 81.000000 1 
13105  47381 5.000000 1 
13110  43954 87.000000 1 
13163  41763  1.000000 0 
13163  46569 85.000000 1 
13178  35473 47.000000 1 
13193  47976 58.000000 1 
13272  21169 96.000000 1 
13376  32672 73.000000 1 
13402  27698 58.000000 1 
13452  15560 15.000000 1 
13467  33093 30.000000 1 
13474  23322 11.000000 1 
13513  33105 46.000000 1 
13565  33930 25.000000 1 
13570  46491 35.000000 1 
13603  26510 62.000000 1 
13615  35937 56.000000 1 
13698  37091 69.000000 1 
13724  47344  1.000000 0 
13726  30533 81.000000 1 
13752  48723 46.000000 1 
13778  32520 94.000000 1 
13866  40637 8.000000 1 
13881  28258 60.000000 1 
13911  13915  1.000000 0 
13953  25481  1.000000 0 
14015  26611 99.000000 1 
14081  32683 81.000000 1 
14097  17177 82.000000 1 
14133  14163  1.000000 0 
14284  43126 45.000000 1 
14318  39978  0.990000 0 
14329  17663 77.000000 1 
14379  20990 1.000000 1 
14393  18784 80.000000 1 
14500  48184 8.000000 1 
14510  14517 23.000000 1 
14514  19639 14.000000 1 
14535  29057  0.990000 0 
14583  41362 62.000000 1 
14619  37362 2.000000 1 
14658  16696 23.000000 1 
14663  27311  1.000000 0 
14722  40113 83.000000 1 
14730  18116 45.000000 1 
14764  27305 98.000000 1 
14843  29491 74.000000 1 
14901  47376 0.000000 1 
14904  43998 62.000000 1 
14907  18431 22.000000 1 
15052  44677 85.000000 1 
15064  32039 8.000000 1 
15132  40391 91.000000 1 
15136  19468 43.000000 1 
15186  38114 15.000000 1 
15233  15919 96.000000 1 
15267  46348 42.000000 1 
15394  18528 11.000000 1 
15394  33958 2.000000 1 
15445  21142 7.000000 1 
15470  29410 78.000000 1 
15485  35115 66.000000 1 
15492  19600 7.000000 1 
15497  26247 39.000000 1 
15511  47875 67.000000 1 
15574  26290 58.000000 1 
15647  17082  0.990000 0 
15706  39768 16.000000 1 
15750  38412 97.000000 1 
15767  36401 21.000000 1 
15803  21658 83.000000 1 
15863  42504 55.000000 1 
15868  33928 9.000000 1 
15876  16559 78.000000 1 
15904  39575  0.990000 0 
15947  19565 18.000000 1 
15975  27551 91.000000 1 
15993  47906 12.000000 1 
16028  2228  1.000000 0 
16048  22098 34.000000 1 
16069  23934 43.000000 1 
16080  20499 66.000000 1 
16110  47099 42.000000 1 
16126  45483 34.000000 1 
16146  34644 0.000000 1 
16165  21628 40.000000 1 
16213  30122 57.000000 1 
16248  32267 3.000000 1 
16256  23663 99.000000 1 
16292  35547 69.000000 1 
16336  36561 78.000000 1 
16336  36884 57.000000 1 
16407  44693 81.000000 1 
16439  18834 19.000000 1 
16522  22591 96.000000 1 
16624  37187 16.000000 1 
16636  17057 33.000000 1 
16646  6746  0.990000 0 
16653  45872  0.990000 0 
16693  48569 41.000000 1 
16752  27844 84.000000 1 
16808  16809  0.990000 0 
16861  27869 3.000000 1 
16885  44306  1.000000 0 
16907  41455  1.000000 0 
16922  33621 62.000000 1 
17019  42768 44.000000 1 
17061  24864 70.000000 1 
17108  17893 87.000000 1 
17137  37587 7.000000 1 
17178  37144 56.000000 1 
17181  17186  1.000000 0 
17228  28998 35.000000 1 
17251  23086 10.000000 1 
17377  44240  0.990000 0 
17384  35914 18.000000 1 
17413  40188 22.000000 1 
17432  26257 76.000000 1 
17457  18728 77.000000 1 
17457  28024 94.000000 1 
17489  45594 88.000000 1 
17499  40875 39.000000 1 
17505  38146 79.000000 1 
17574  32225 50.000000 1 
17598  47284 43.000000 1 
17654  17656  1.000000 0 
17694  18172 32.000000 1 
17701  1223  1.000000 0 
17707  43077 83.000000 1 
17725  44250  0.990000 0 
17827  34864 79.000000 1 
17850  27474 50.000000 1 
17853  47283 44.000000 1 
17891  32788 59.000000 1 
17893  48629 66.000000 1 
17988  46924 65.000000 1 
18006  18035  0.990000 0 
18023  42722 65.000000 1 
18058  23126 36.000000 1 
18080  47035 30.000000 1 
18100  47768 44.000000 1 
18136  19616 74.000000 1 
18145  25221 66.000000 1 
18148  36813 65.000000 1 
18155  24508 92.000000 1 
18175  33483 10.000000 1 
18181  41806 68.000000 1 
18272  33680  0.990000 0 
18310  48379 64.000000 1 
18320  30483 66.000000 1 
18346  37038 29.000000 1 
18347  28878 18.000000 1 
18359  38703 47.000000 1 
18361  40165  1.000000 0 
18375  41109 8.000000 1 
18387  23471 44.000000 1 
18403  41758 20.000000 1 
18418  46182 28.000000 1 
18436  29299 66.000000 1 
18449  37862 49.000000 1 
18498  45205 25.000000 1 
18498  47857 66.000000 1 
18593  37825  0.990000 0 
18694  23828 98.000000 1 
18737  18740  0.990000 0 
18766  10283  1.000000 0 
18801  41324 46.000000 1 
19003  24140 75.000000 1 
19025  30863 69.000000 1 
19068  19065  1.000000 0 
19101  24288 48.000000 1 
19176  43112 52.000000 1 
19195  13325  0.990000 0 
19195  25653 42.000000 1 
19196  27864 63.000000 1 
19209  34339 38.000000 1 
19238  28804 71.000000 1 
19279  41473 79.000000 1 
19344  19308  1.000000 0 
19349  21986 60.000000 1 
19362  19369  1.000000 0 
19453  32679 76.000000 1 
19476  19483  0.990000 0 
19485  47344 38.000000 1 
19523  48069 29.000000 1 
19534  31612 71.000000 1 
19537  30247 85.000000 1 
19564  46589  0.990000 0 
19582  30683 14.000000 1 
19617  29686 86.000000 1 
19669  45538 11.000000 1 
19772  46893 65.000000 1 
19778  44546 91.000000 1 
19824  9643  0.990000 0 
19921  23173 16.000000 1 
19962  31624 18.000000 1 
20012  30703 30.000000 1 
20052  38955 89.000000 1 
20102  1579  1.000000 0 
20146  40472 92.000000 1 
20151  25716 58.000000 1 
20154  36219 51.000000 1 
20232  31462 7.000000 1 
20270  27934 7.000000 1 
20346  37673 69.000000 1 
20348  20349  0.990000 0 
20372  46907 11.000000 1 
20375  24274 76.000000 1 
20398  33632  0.990000 0 
20404  45032 81.000000 1 
20410  44464 29.000000 1 
20420  32565 29.000000 1 
20583  39922 31.000000 1 
20599  11275  0.990000 0 
20659  37409 81.000000 1 
20688  29542 94.000000 1 
20740  23412 82.000000 1 
20805  39935 38.000000 1 
20809  42963 23.000000 1 
20823  26429 96.000000 1 
20882  43515 68.000000 1 
20918  36503 14.000000 1 
20921  36542 47.000000 1 
21025  36302 33.000000 1 
21048  827  1.000000 0 
21060  27691 59.000000 1 
21065  25636 67.000000 1 
21111  32476 12.000000 1 
21147  37451 70.000000 1 
21167  30269  1.000000 0 
21168  26863 57.000000 1 
21190  40567 88.000000 1 
21224  20687  0.990000 0 
21286  41186 67.000000 1 
21342  47221 30.000000 1 
21453  48723 27.000000 1 
21458  46795 8.000000 1 
21578  38817  0.990000 0 
21597  24849 55.000000 1 
21609  42023 96.000000 1 
21618  37738 58.000000 1 
21654  34684 44.000000 1 
21663  40979  1.000000 0 
21680  21201  0.990000 0 
21683  42557 69.000000 1 
21811  46612 75.000000 1 
21813  38563 11.000000 1 
21884  44420 25.000000 1 
21891  40636 94.000000 1 
21907  45299 21.000000 1 
21918  21917  1.000000 0 
21926  26860 63.000000 1 
22008  31359  0.990000 0 
22040  45581 53.000000 1 
22075  30207 48.000000 1 
22201  33162 23.000000 1 
22209  23536 10.000000 1 
22228  25657 93.000000 1 
22275  22271  0.990000 0 
22358  39590 43.000000 1 
22359  27795  1.000000 0 
22375  27453 82.000000 1 
22387  39976 7.000000 1 
22402  22406  0.990000 0 
22504  26921 15.000000 1 
22577  22580  1.000000 0 
22580  21958  0.990000 0 
22683  38216 75.000000 1 
22702  40215 62.000000 1 
22710  38342  1.000000 0 
22711  40399 79.000000 1 
22717  35461 81.000000 1 
22741  47454  0.990000 0 
22770  23323 33.000000 1 
22773  38559 70.000000 1 
22787  43930 75.000000 1 
22799  24151 54.000000 1 
22838  33819  1.000000 0 
22920  43132 64.000000 1 
22923  21509  0.990000 0 
22930  43342 47.000000 1 
22951  35704 34.000000 1 
23021  36837 86.000000 1 
23041  24570 13.000000 1 
23058  33096 49.000000 1 
23120  28398 22.000000 1 
23267  43788 70.000000 1 
23364  25975 94.000000 1 
23365  37771 47.000000 1 
23438  48052 14.000000 1 
23571  31884 66.000000 1 
23574  43716 89.000000 1 
23587  24176 22.000000 1 
23591  48629 17.000000 1 
23601  39791 96.000000 1 
23880  36552 32.000000 1 
23959  47803 65.000000 1 
23999  48297 44.000000 1 
24015  48427 32.000000 1 
24055  24045  0.990000 0 
24108  40369 4.000000 1 
24182  29213 46.000000 1 
24194  16073  0.990000 0 
24230  38888 88.000000 1 
24364  25733 40.000000 1 
24421  42029 83.000000 1 
24426  43098 52.000000 1 
24463  35223 11.000000 1 
24572  37570 80.000000 1 
24632  34607 13.000000 1 
24647  28363 95.000000 1 
24760  24758  1.000000 0 
24795  44825 36.000000 1 
24796  29342 23.000000 1 
24885  36325 17.000000 1 
24889  37376 23.000000 1 
24897  35198 14.000000 1 
24910  37752 9.000000 1 
25004  37111 53.000000 1 
25143  34850 43.000000 1 
25151  43581 58.000000 1 
25204  41052 51.000000 1 
25299  43355 38.000000 1 
25422  28756 76.000000 1 
25486  43037 11.000000 1 
25549  33308 30.000000 1 
25596  30885 70.000000 1 
25611  35350 91.000000 1 
25617  34390 87.000000 1 
25643  18760  0.990000 0 
25725  30426 25.000000 1 
25790  33800 52.000000 1 
25793  32108 84.000000 1 
25796  34817 13.000000 1 
25802  31923 60.000000 1 
25893  47828 18.000000 1 
25934  153  0.990000 0 
25935  43635 2.000000 1 
25955  47532 50.000000 1 
25993  25996  1.000000 0 
26070  44521 64.000000 1 
26089  45279 31.000000 1 
26121  41215 63.000000 1 
26212  33150 20.000000 1 
26328  31580 34.000000 1 
26400  47475 70.000000 1 
26405  26880 32.000000 1 
26416  28690 33.000000 1 
26425  48473 11.000000 1 
26427  44243 43.000000 1 
26524  42283 29.000000 1 
26596  28231 35.000000 1 
26596  38373 22.000000 1 
26626  26618  1.000000 0 
26634  33078 99.000000 1 
26649  28989 94.000000 1 
26659  39244 77.000000 1 
26734  35859 96.000000 1 
26739  39464 40.000000 1 
26765  42588 12.000000 1 
26786  41756 63.000000 1 
26814  36709 93.000000 1 
26828  48613 56.000000 1 
26927  48234 30.000000 1 
26932  39935 96.000000 1 
26935  40382 93.000000 1 
26974  31007 32.000000 1 
27009  29555 15.000000 1 
27085  29877 84.000000 1 
27104  29276 34.000000 1 
27173  46820 62.000000 1 
27217  47501 80.000000 1 
27328  27327  0.990000 0 
27394  31868 0.000000 1 
27430  32332 88.000000 1 
27437  33240 35.000000 1 
27470  48344 52.000000 1 
27608  37073 81.000000 1 
27628  27626  1.000000 0 
27688  38102 13.000000 1 
27884  2548  0.990000 0 
27885  4634  0.990000 0 
27924  42303 92.000000 1 
27984  30066 68.000000 1 
28092  39445 92.000000 1 
28095  45971 54.000000 1 
28179  36451 84.000000 1 
28198  36845 35.000000 1 
28229  43710  1.000000 0 
28427  36580 2.000000 1 
28476  48617 0.000000 1 
28504  44629 72.000000 1 
28576  40792 6.000000 1 
28676  41584 54.000000 1 
28684  35918 19.000000 1 
28745  31910 62.000000 1 
28794  11003  1.000000 0 
28826  34725  0.990000 0 
28843  48213 20.000000 1 
28862  34006  0.990000 0 
28862  34327 2.000000 1 
28928  37798 33.000000 1 
28991  40736 72.000000 1 
29151  36266 26.000000 1 
29274  31751 4.000000 1 
29368  48538 8.000000 1 
29448  38276 73.000000 1 
29464  41473 43.000000 1 
29549  45633 35.000000 1 
29660  30469 98.000000 1 
29772  17078  0.990000 0 
29887  47570  0.990000 0 
29979  24229  1.000000 0 
30010  34305 56.000000 1 
30022  33555 79.000000 1 
30047  44878 7.000000 1 
30110  35395 56.000000 1 
30184  44396 17.000000 1 
30325  44772 91.000000 1 
30326  33360  1.000000 0 
30396  37101 21.000000 1 
30425  34225 87.000000 1 
30459  42986 9.000000 1 
30602  39048 70.000000 1 
30670  46401 62.000000 1 
30702  39742 72.000000 1 
30777  45218 25.000000 1 
30932  33363  0.990000 0 
30934  39230 23.000000 1 
30997  32927 70.000000 1 
31061  34815 18.000000 1 
31111  36866 30.000000 1 
31189  40127 65.000000 1 
31260  3626  1.000000 0 
31305  48243 20.000000 1 
31315  36115 93.000000 1 
31376  37821 5.000000 1 
31384  21668  0.990000 0 
31409  36752 56.000000 1 
31478  32771 2.000000 1 
31674  38364 96.000000 1 
31724  32694 96.000000 1 
31763  38714 95.000000 1 
31767  47898 52.000000 1 
31792  29295  0.990000 0 
31834  46545 21.000000 1 
31867  14180  0.990000 0 
31981  34940 11.000000 1 
32087  9600  0.990000 0 
32096  37870 90.000000 1 
32126  2218  0.990000 0 
32156  23500  1.000000 0 
32175  39436 76.000000 1 
32190  37436 77.000000 1 
32203  42411  0.990000 0 
32267  33583 3.000000 1 
32313  40633 29.000000 1 
32391  42064 30.000000 1 
32524  16488  1.000000 0 
32529  39012 63.000000 1 
32623  39415 31.000000 1 
32674  40861 58.000000 1 
32688  40644 98.000000 1 
32697  44049 64.000000 1 
32770  32765  1.000000 0 
32851  36007 35.000000 1 
32911  37628 50.000000 1 
33024  41938 28.000000 1 
33041  6536  0.990000 0 
33097  34601 7.000000 1 
33104  44247 76.000000 1 
33193  14690  1.000000 0 
33267  35944 18.000000 1 
33342  36081 2.000000 1 
33354  41467 53.000000 1 
33358  44464 57.000000 1 
33437  48760 98.000000 1 
33467  44389 27.000000 1 
33485  36371 92.000000 1 
33492  33496  1.000000 0 
33549  35650 25.000000 1 
33563  33961 9.000000 1 
33629  40423 13.000000 1 
33690  40963 24.000000 1 
33713  40771 70.000000 1 
33715  34716 71.000000 1 
33744  33732  1.000000 0 
33771  35583 70.000000 1 
33876  43404 74.000000 1 
33958  46352 45.000000 1 
34130  42420 98.000000 1 
34193  38214 82.000000 1 
34211  37259 84.000000 1 
34214  23879  0.990000 0 
34253  36846 50.000000 1 
34449  45870 12.000000 1 
34544  46113 42.000000 1 
34561  42951 50.000000 1 
34638  37325 68.000000 1 
34835  34818  0.990000 0 
34891  46416 38.000000 1 
34996  39666 37.000000 1 
35033  11481  0.990000 0 
35037  37426 55.000000 1 
35067  39628 37.000000 1 
35071  14803  0.990000 0 
35091  35094  1.000000 0 
35132  10816  0.990000 0 
35163  43930  0.990000 0 
35173  29499  0.990000 0 
35406  45618 32.000000 1 
35486  43237 90.000000 1 
35508  42696 65.000000 1 
35637  154  0.990000 0 
35811  37665 70.000000 1 
35838  39378 75.000000 1 
35852  42674 23.000000 1 
35891  44911 57.000000 1 
35988  38414 17.000000 1 
36146  36155  0.990000 0 
36335  43785 37.000000 1 
36367  44102 12.000000 1 
36373  34561  0.990000 0 
36373  37531 80.000000 1 
36558  47475 88.000000 1 
36588  39841 32.000000 1 
36635  42561 50.000000 1 
36650  42538 74.000000 1 
36662  41676 64.000000 1 
36905  42250 96.000000 1 
37014  44124 21.000000 1 
37072  39298 27.000000 1 
37074  48093 26.000000 1 
37107  48008 12.000000 1 
37322  1202  0.990000 0 
37390  47160 89.000000 1 
37403  37624 43.000000 1 
37514  37680 35.000000 1 
37549  11235  0.990000 0 
37648  47102 23.000000 1 
37705  38701 6.000000 1 
37850  45971  1.000000 0 
37941  48193 88.000000 1 
37998  40089 25.000000 1 
38088  40694 92.000000 1 
38139  44249 74.000000 1 
38150  42058 13.000000 1 
38304  46794 49.000000 1 
38385  11415  1.000000 0 
38402  38400  1.000000 0 
38419  47921 18.000000 1 
38434  44792 98.000000 1 
38455  40544 75.000000 1 
38633  41378 15.000000 1 
38837  12931  1.000000 0 
38847  40824 95.000000 1 
38905  47119 2.000000 1 
38945  40429 90.000000 1 
38947  29290  0.990000 0 
38993  46570 45.000000 1 
39037  47983 7.000000 1 
39141  4741  0.990000 0 
39185  39181  0.990000 0 
39318  23021  0.990000 0 
39320  44260 77.000000 1 
39331  7849  1.000000 0 
39351  37343  0.990000 0 
39376  16607  1.000000 0 
39418  19034  0.990000 0 
39434  43347 80.000000 1 
39758  41299 78.000000 1 
39809  40634 12.000000 1 
39838  1215  0.990000 0 
40006  41019 68.000000 1 
40026  41294  1.000000 0 
40274  27627  0.990000 0 
40278  42221 29.000000 1 
40576  41390  1.000000 0 
40576  43376 37.000000 1 
40614  42880 90.000000 1 
40641  41422 74.000000 1 
40972  42356 28.000000 1 
41096  33062  1.000000 0 
41275  41274  0.990000 0 
41306  45612 64.000000 1 
41393  44873 96.000000 1 
41439  44402 39.000000 1 
41537  43993 87.000000 1 
41547  37490  0.990000 0 
41753  10205  0.990000 0 
41999  42857 96.000000 1 
42549  39362  0.990000 0 
42789  48116 47.000000 1 
42827  43144 6.000000 1 
42833  15165  0.990000 0 
42888  47596 34.000000 1 
42909  43667  1.000000 0 
42915  42920  0.990000 0 
43063  43759 14.000000 1 
43104  43762 39.000000 1 
43345  38353  0.990000 0 
43504  44732 60.000000 1 
43528  4257  0.990000 0 
43669  34954  1.000000 0 
43711  47197 18.000000 1 
43739  15050  1.000000 0 
44009  44031 2.000000 1 
44114  44419 21.000000 1 
44143  44503 2.000000 1 
44216  11843  1.000000 0 
44436  46649 66.000000 1 
44563  44510  0.990000 0 
44671  41823  0.990000 0 
44929  48795 23.000000 1 
44970  47280 40.000000 1 
45071  45074  1.000000 0 
45179  47677 3.000000 1 
45322  34655  1.000000 0 
45438  48776  1.000000 0 
46088  47173 63.000000 1 
46787  48494  1.000000 0 
47350  48515 42.000000 1 
47499  8201  0.990000 0 
47774  24242  1.000000 0 
48109  48104  1.000000 0 
48316  18405  1.000000 0 
48532  48650 46.000000 1 
