16511  19023  0.000000 0 
22133  22430 67.000000 1 
25006  8063  0.000000 0 
4188  21925 85.000000 1 
24835  21930  0.000000 0 
25205  25626 53.000000 1 
8780  17764 63.000000 1 
4105  12989 8.000000 1 
4321  18991 68.000000 1 
17439  5621  0.000000 0 
10483  20834 94.000000 1 
11111  15458 61.000000 1 
13527  23567 51.000000 1 
339  22376  0.000000 0 
2741  570  0.000000 0 
4956  9240 34.000000 1 
1687  25455 39.000000 1 
12650  23863 6.000000 1 
4584  8918 39.000000 1 
7728  21964 7.000000 1 
4639  24819  0.000000 0 
7525  3824  0.000000 0 
9184  9889  0.000000 0 
13067  8376  0.000000 0 
6728  16275 32.000000 1 
773  14807  0.000000 0 
7488  15993 69.000000 1 
8467  13544 20.000000 1 
21861  22741  0.000000 0 
10291  23733 75.000000 1 
13352  5655  0.000000 0 
30  23547 5.000000 1 
18397  12118  0.000000 0 
998  22875 22.000000 1 
11020  20881 51.000000 1 
2379  9307 36.000000 1 
7136  23356 73.000000 1 
15390  18252 16.000000 1 
5004  16809 20.000000 1 
21806  5366  0.000000 0 
17739  11964  0.000000 0 
15718  19047 89.000000 1 
16674  13837  0.000000 0 
9261  16844 80.000000 1 
12064  18029 40.000000 1 
16594  12781  0.000000 0 
24833  23614  0.000000 0 
19739  20568  0.000000 0 
6154  5194  0.000000 0 
9356  11883 44.000000 1 
4466  17752 72.000000 1 
2761  7741 43.000000 1 
17782  1989  0.000000 0 
6525  7525  0.000000 0 
14145  15074 22.000000 1 
8156  17717 66.000000 1 
7689  19131  0.000000 0 
4907  21053 15.000000 1 
13597  11148  0.000000 0 
25436  20217  0.000000 0 
20108  15659  0.000000 0 
6270  9355 86.000000 1 
15687  17595 94.000000 1 
14089  18283  0.000000 0 
9185  11458 22.000000 1 
1493  5162  0.000000 0 
17979  2556  0.000000 0 
12269  18562 63.000000 1 
14479  16148 68.000000 1 
14540  20635  0.000000 0 
21096  22865 45.000000 1 
1428  6738 41.000000 1 
3845  2042  0.000000 0 
9829  14051  0.000000 0 
16414  24270  0.000000 0 
4013  20059  0.000000 0 
20635  12851  0.000000 0 
2236  22850 73.000000 1 
19520  23554  0.000000 0 
17922  23746 91.000000 1 
2003  5442 74.000000 1 
3819  12946 25.000000 1 
17233  24271  0.000000 0 
22876  25911  0.000000 0 
1982  23614  0.000000 0 
5621  4743  0.000000 0 
23382  12928  0.000000 0 
2621  7650  0.000000 0 
6524  6185  0.000000 0 
4265  5271  0.000000 0 
2360  24469 58.000000 1 
6330  10882 1.000000 1 
8775  15815 38.000000 1 
11670  19629 35.000000 1 
10925  15195  0.000000 0 
13556  25382  0.000000 0 
25648  1150  0.000000 0 
7028  22377 37.000000 1 
6482  8403  0.000000 0 
11152  18208  0.000000 0 
1346  11215 91.000000 1 
5822  14493 80.000000 1 
7094  25276 86.000000 1 
6078  21586 22.000000 1 
20373  5259  0.000000 0 
1488  20136 95.000000 1 
9832  20741 5.000000 1 
23509  13929  0.000000 0 
24718  1995  0.000000 0 
8177  8596  0.000000 0 
12814  25434 29.000000 1 
22644  9241  0.000000 0 
1917  3594 66.000000 1 
12165  2607  0.000000 0 
14908  20162 16.000000 1 
19102  6442  0.000000 0 
15814  15144  0.000000 0 
6628  5212  0.000000 0 
14705  17532 13.000000 1 
161  11418  0.000000 0 
22763  25746 79.000000 1 
6868  6456  0.000000 0 
17595  18593 41.000000 1 
586  22409 54.000000 1 
14089  24417 98.000000 1 
20243  11891  0.000000 0 
1170  20608 28.000000 1 
11502  12158  0.000000 0 
4068  21491  0.000000 0 
287  1816 55.000000 1 
8968  12115 22.000000 1 
3419  24655 29.000000 1 
8727  15244  0.000000 0 
9710  26038  0.000000 0 
11288  16022 62.000000 1 
9785  13164  0.000000 0 
15144  23633 18.000000 1 
13020  20114 75.000000 1 
6086  22884 29.000000 1 
5503  25877  0.000000 0 
10383  20687 8.000000 1 
19351  19048  0.000000 0 
15572  19656 59.000000 1 
652  7201 33.000000 1 
668  13274 29.000000 1 
17536  18208  0.000000 0 
10039  14123  0.000000 0 
9639  9785  0.000000 0 
1093  3059  0.000000 0 
5869  13934 65.000000 1 
1715  13490 66.000000 1 
12715  16277 23.000000 1 
10832  21280 74.000000 1 
15245  88  0.000000 0 
7882  12828 88.000000 1 
2054  8719  0.000000 0 
10350  12507  0.000000 0 
22075  22051  0.000000 0 
10842  11293  0.000000 0 
20576  15457  0.000000 0 
7635  22504  0.000000 0 
15782  24141 94.000000 1 
7463  24057  0.000000 0 
2870  20391  0.000000 0 
14051  21169  0.000000 0 
1799  17515 70.000000 1 
13913  16137 76.000000 1 
11410  16830  0.000000 0 
624  23577  0.000000 0 
21281  950  0.000000 0 
3265  4138  0.000000 0 
6628  25139  0.000000 0 
4624  7689  0.000000 0 
86  9559 95.000000 1 
341  19686 77.000000 1 
10539  3099  0.000000 0 
6179  6830  0.000000 0 
6046  23489 93.000000 1 
8401  11609 20.000000 1 
2130  13974 90.000000 1 
22691  773  0.000000 0 
704  15875 93.000000 1 
6610  1653  0.000000 0 
2034  4853 16.000000 1 
10807  23606 19.000000 1 
22989  10871  0.000000 0 
18621  12551  0.000000 0 
5118  11240 52.000000 1 
20780  18185  0.000000 0 
6988  9063 43.000000 1 
18971  9755  0.000000 0 
15933  23712  0.000000 0 
24009  15931  0.000000 0 
16231  16730  0.000000 0 
6971  20253 29.000000 1 
19939  23052 81.000000 1 
3773  20247 32.000000 1 
13962  22333 32.000000 1 
3599  5274 36.000000 1 
15831  23450 31.000000 1 
7075  18363 84.000000 1 
5101  5423 83.000000 1 
889  2634 31.000000 1 
9891  24835 87.000000 1 
16689  17540 25.000000 1 
11202  22852 57.000000 1 
7045  9536 62.000000 1 
11308  12526 80.000000 1 
6946  10372 70.000000 1 
8024  16178 87.000000 1 
13024  18555 0.000000 1 
272  16914 32.000000 1 
1382  16294 36.000000 1 
8326  20993 48.000000 1 
2194  23515 76.000000 1 
22384  24790 78.000000 1 
21369  24391 29.000000 1 
20995  21919 61.000000 1 
3170  21126 46.000000 1 
10522  22063 0.000000 1 
8383  19608 87.000000 1 
12451  13349 37.000000 1 
18912  21186 49.000000 1 
3294  9926 34.000000 1 
13967  22793 3.000000 1 
15206  16954 14.000000 1 
1353  1646 73.000000 1 
8212  8404 72.000000 1 
3746  7006 78.000000 1 
11528  24404 23.000000 1 
1982  14259 55.000000 1 
16690  16955 47.000000 1 
13773  20250 42.000000 1 
12308  14259 76.000000 1 
3100  11673 88.000000 1 
6596  9650 70.000000 1 
12720  16972 8.000000 1 
327  20420 96.000000 1 
20548  25234 30.000000 1 
16635  20108 27.000000 1 
11373  13702 25.000000 1 
507  23229 89.000000 1 
8441  18997 13.000000 1 
524  5836 18.000000 1 
3105  10979 32.000000 1 
9749  23853 62.000000 1 
11964  15476 50.000000 1 
21022  26086 33.000000 1 
13235  25557 48.000000 1 
4311  13041 77.000000 1 
15638  19935 21.000000 1 
20873  23973 58.000000 1 
6313  7649 90.000000 1 
296  15359 91.000000 1 
4230  8585 18.000000 1 
9520  25535 19.000000 1 
10781  13217 43.000000 1 
5388  6011 83.000000 1 
14857  15152 2.000000 1 
23436  25311 59.000000 1 
13776  16819 41.000000 1 
12398  17701 36.000000 1 
2297  7924 20.000000 1 
6181  26130 45.000000 1 
5948  11213 84.000000 1 
14830  16150 33.000000 1 
15341  19383 89.000000 1 
3342  16041 82.000000 1 
13619  14461 31.000000 1 
5379  7934 81.000000 1 
10078  20583 41.000000 1 
13964  19837 19.000000 1 
6405  22223 40.000000 1 
19551  23496 17.000000 1 
546  9086 62.000000 1 
6646  10350 75.000000 1 
3566  17189 79.000000 1 
4965  25794 62.000000 1 
13840  18569 43.000000 1 
1003  12567 44.000000 1 
6096  19404 2.000000 1 
11707  17280 89.000000 1 
553  9144 43.000000 1 
6405  24605 66.000000 1 
15513  24647 47.000000 1 
11773  12862 58.000000 1 
437  7139 17.000000 1 
19723  21940 6.000000 1 
7972  24274 46.000000 1 
13885  16998 3.000000 1 
9575  23114 15.000000 1 
7205  24748 0.000000 1 
14292  21671 83.000000 1 
4900  15373 67.000000 1 
787  23156 31.000000 1 
9585  24560 96.000000 1 
17039  20436 13.000000 1 
7449  12153 53.000000 1 
2286  8320 96.000000 1 
9290  22364 59.000000 1 
11356  26129 95.000000 1 
24006  25631 5.000000 1 
15435  23157 82.000000 1 
11785  14705 89.000000 1 
3478  6273 56.000000 1 
16222  23178 93.000000 1 
2315  7214 16.000000 1 
18996  21041 77.000000 1 
10706  11394 31.000000 1 
278  23021 17.000000 1 
9177  19360 85.000000 1 
1883  17143 84.000000 1 
2118  14856 71.000000 1 
9797  21273 88.000000 1 
9970  25898 45.000000 1 
9751  20704 90.000000 1 
3708  3766 0.000000 1 
7029  15315 75.000000 1 
8198  12332 1.000000 1 
3729  22007 88.000000 1 
1321  26025 55.000000 1 
23698  24286 47.000000 1 
23718  25686 22.000000 1 
12773  15709 46.000000 1 
23622  24099 41.000000 1 
440  3187 88.000000 1 
12760  17889 12.000000 1 
6877  15874 43.000000 1 
454  1844 10.000000 1 
2131  9508 96.000000 1 
918  18078 69.000000 1 
13846  21804 93.000000 1 
8232  19481 24.000000 1 
22884  25957 37.000000 1 
9475  15044 72.000000 1 
21578  24602 82.000000 1 
7874  20730 9.000000 1 
1810  5687 38.000000 1 
7133  21362 88.000000 1 
21473  22727 18.000000 1 
13068  19647 64.000000 1 
3362  19512 87.000000 1 
5346  6332 28.000000 1 
13696  19957 15.000000 1 
316  25773 49.000000 1 
5607  25515 29.000000 1 
8888  19750 9.000000 1 
5543  14319 89.000000 1 
9838  19253 51.000000 1 
15256  22556 20.000000 1 
11353  15899 44.000000 1 
17637  22404 92.000000 1 
9755  20854 41.000000 1 
207  3153 18.000000 1 
4010  11488 62.000000 1 
497  2901 99.000000 1 
8340  16101 73.000000 1 
5908  19424 91.000000 1 
2496  11227 44.000000 1 
5819  24482 77.000000 1 
7271  15386 81.000000 1 
2438  9686 66.000000 1 
9309  9916 2.000000 1 
20315  23894 36.000000 1 
1379  25621 35.000000 1 
1287  13106 13.000000 1 
4508  5843 85.000000 1 
5605  10557 67.000000 1 
6123  14272 73.000000 1 
900  24852 95.000000 1 
3824  7950 1.000000 1 
11397  22266 87.000000 1 
6334  20288 0.000000 1 
9094  19295 22.000000 1 
23279  24032 1.000000 1 
5962  9187 85.000000 1 
5331  16246 85.000000 1 
365  7657 62.000000 1 
10938  18880 29.000000 1 
17052  18514 60.000000 1 
2458  11668 10.000000 1 
20448  20952 79.000000 1 
3761  24268 73.000000 1 
1514  17238 93.000000 1 
15653  21549 11.000000 1 
2701  25179 2.000000 1 
15020  24290 81.000000 1 
2183  13035 74.000000 1 
9869  13726 46.000000 1 
19983  26094 76.000000 1 
11726  23247 31.000000 1 
1575  8284 54.000000 1 
9620  20609 27.000000 1 
15697  18359 80.000000 1 
12054  19318 40.000000 1 
5188  11310 12.000000 1 
12271  23889 51.000000 1 
19906  21054 51.000000 1 
16766  17491 55.000000 1 
4858  20006 55.000000 1 
1681  4491 28.000000 1 
2094  9014 14.000000 1 
3250  3308 13.000000 1 
3325  14287 52.000000 1 
4004  11082 31.000000 1 
1364  17715 89.000000 1 
11483  19547 87.000000 1 
13928  23532 58.000000 1 
1672  14119 58.000000 1 
12690  17821 84.000000 1 
6414  8457 31.000000 1 
7149  16761 30.000000 1 
22443  25578 96.000000 1 
3450  15164 17.000000 1 
4851  21573 74.000000 1 
17477  19018 95.000000 1 
10746  23247 58.000000 1 
9697  15934 56.000000 1 
3303  3681 20.000000 1 
7208  8078 38.000000 1 
10206  10607 61.000000 1 
11823  17207 24.000000 1 
10184  17256 63.000000 1 
11403  16902 24.000000 1 
935  20704 36.000000 1 
4331  23914 39.000000 1 
4232  24169 81.000000 1 
15729  23040 26.000000 1 
1415  22794 66.000000 1 
16812  20011 24.000000 1 
15643  17749 45.000000 1 
6736  21880 82.000000 1 
3701  11085 87.000000 1 
8294  20913 45.000000 1 
4253  21073 91.000000 1 
2165  10978 96.000000 1 
4087  15638 43.000000 1 
9217  18511 92.000000 1 
5210  12705 27.000000 1 
13930  17561 88.000000 1 
12367  20700 30.000000 1 
7639  12521 3.000000 1 
10338  12662 25.000000 1 
9155  15967 38.000000 1 
322  9499 82.000000 1 
4258  25632 53.000000 1 
834  21103 3.000000 1 
14694  25279 68.000000 1 
4907  12327 54.000000 1 
2230  12004 72.000000 1 
2348  9134 85.000000 1 
1170  25367 33.000000 1 
6915  22677 91.000000 1 
2616  13531 67.000000 1 
3779  16392 95.000000 1 
6192  16693 68.000000 1 
10625  19132 89.000000 1 
13799  18247 71.000000 1 
19434  25034 43.000000 1 
13108  16728 11.000000 1 
16846  21995 79.000000 1 
19140  21667 66.000000 1 
2269  11628 41.000000 1 
11607  25003 90.000000 1 
5656  6851 12.000000 1 
8997  9135 32.000000 1 
17024  23255 0.000000 1 
12118  20467 84.000000 1 
4041  4103 88.000000 1 
14783  16791 31.000000 1 
12077  19602 83.000000 1 
15765  17255 18.000000 1 
4019  4389 84.000000 1 
4361  12664 50.000000 1 
9159  24479 22.000000 1 
7355  15834 74.000000 1 
9078  17465 55.000000 1 
12437  18426 13.000000 1 
8388  24929 75.000000 1 
16511  18994 62.000000 1 
8696  14768 41.000000 1 
23869  25006 99.000000 1 
221  1083 62.000000 1 
15252  21791 98.000000 1 
88  3609 69.000000 1 
15287  17213 27.000000 1 
1687  3303 45.000000 1 
5481  7529 33.000000 1 
3213  5538 96.000000 1 
6932  19750 42.000000 1 
17199  22434 97.000000 1 
14373  15940 65.000000 1 
17969  19126 72.000000 1 
4322  18132 73.000000 1 
12350  14819 81.000000 1 
3781  13408 31.000000 1 
7313  21963 12.000000 1 
179  10510 96.000000 1 
17383  18944 93.000000 1 
6957  7599 60.000000 1 
