0  11 48.000000 1 
0  13 72.000000 1 
0  23  1.000000 0 
0  25 31.000000 1 
0  26 2.000000 1 
0  27 56.000000 1 
0  30  1.000000 0 
0  30  1.000000 0 
0  30  1.000000 0 
1  13 47.000000 1 
1  18 89.000000 1 
1  20 98.000000 1 
1  3 74.000000 1 
1  32  1.000000 0 
1  32  1.000000 0 
2  17 96.000000 1 
2  27 41.000000 1 
2  29 5.000000 1 
2  3 57.000000 1 
2  31 2.000000 1 
2  8 16.000000 1 
3  16 12.000000 1 
3  2  1.000000 0 
3  20 99.000000 1 
3  21 99.000000 1 
3  24 92.000000 1 
3  4 44.000000 1 
3  8 51.000000 1 
5  24 82.000000 1 
5  32 72.000000 1 
5  7 9.000000 1 
6  1  1.000000 0 
6  15 66.000000 1 
6  20 86.000000 1 
6  21 10.000000 1 
6  23 99.000000 1 
6  26 74.000000 1 
7  13 46.000000 1 
7  16 49.000000 1 
7  24 36.000000 1 
7  8 59.000000 1 
8  22 78.000000 1 
8  31 91.000000 1 
8  33 39.000000 1 
9  1  1.000000 0 
9  25 38.000000 1 
10  26 46.000000 1 
12  25 55.000000 1 
13  25 30.000000 1 
13  29 96.000000 1 
14  19 75.000000 1 
15  17 63.000000 1 
15  21 60.000000 1 
16  23 11.000000 1 
16  32 5.000000 1 
17  31 63.000000 1 
17  7  1.000000 0 
18  30 40.000000 1 
19  26 39.000000 1 
20  1  1.000000 0 
20  22 16.000000 1 
20  24 88.000000 1 
20  26 93.000000 1 
20  28 2.000000 1 
21  26 62.000000 1 
21  31 5.000000 1 
22  31 90.000000 1 
22  32 45.000000 1 
23  24 27.000000 1 
25  31 66.000000 1 
27  30 41.000000 1 
27  32 33.000000 1 
28  24  1.000000 0 
29  33 47.000000 1 
30  27  1.000000 0 
31  2  1.000000 0 
32  26  1.000000 0 
33  3  1.000000 0 
