1663  12492 43.000000 1 
19523  19241  1.000000 0 
8468  21899 58.000000 1 
15071  20278 31.000000 1 
8300  8362 89.000000 1 
1188  3218 33.000000 1 
5855  3143  1.000000 0 
13583  18745 42.000000 1 
20006  20017  1.000000 0 
4425  11488  1.000000 0 
5364  17918 41.000000 1 
4342  21435 93.000000 1 
14860  17608 64.000000 1 
1296  16899 94.000000 1 
13867  18944 75.000000 1 
8069  17008 81.000000 1 
3216  18195 1.000000 1 
11416  10811  1.000000 0 
12388  16242 21.000000 1 
9659  20562 63.000000 1 
5010  6239  1.000000 0 
11173  19069 35.000000 1 
6831  6834  1.000000 0 
16702  4496  1.000000 0 
19572  11943  1.000000 0 
14966  12939  1.000000 0 
15238  15246  1.000000 0 
3494  5408  1.000000 0 
10642  19712 33.000000 1 
15701  8236  1.000000 0 
1784  14084  1.000000 0 
175  7351 29.000000 1 
3904  13716  1.000000 0 
13186  13189  1.000000 0 
12227  12411 3.000000 1 
14668  19419  1.000000 0 
9460  9461  1.000000 0 
3578  16083 0.000000 1 
6324  1854  1.000000 0 
5209  7172  1.000000 0 
757  4755  1.000000 0 
19086  19954 51.000000 1 
8109  21648 87.000000 1 
2135  3842  1.000000 0 
7651  7649  1.000000 0 
8736  17891 71.000000 1 
3313  17483 33.000000 1 
5226  19527 24.000000 1 
10618  12492  1.000000 0 
5176  7170  1.000000 0 
2043  2025  1.000000 0 
7500  16211 41.000000 1 
634  3578  1.000000 0 
9225  9637  1.000000 0 
2230  17055 99.000000 1 
1853  1856  1.000000 0 
6729  2970  1.000000 0 
961  5180  1.000000 0 
19328  19322  1.000000 0 
3112  16962 28.000000 1 
1027  17435 97.000000 1 
16060  17447  1.000000 0 
7831  21  1.000000 0 
3627  18975 85.000000 1 
5799  22207 52.000000 1 
10003  9988  1.000000 0 
2044  2058  1.000000 0 
4188  4182  1.000000 0 
632  2809  1.000000 0 
538  553  1.000000 0 
6070  942  1.000000 0 
8789  8788  1.000000 0 
6629  20591 76.000000 1 
1919  626  1.000000 0 
12157  15357 94.000000 1 
854  3598  1.000000 0 
5737  7087 39.000000 1 
1825  16542  1.000000 0 
9380  9403  1.000000 0 
18179  20088 18.000000 1 
7977  18652 66.000000 1 
229  1140  1.000000 0 
13459  23114 89.000000 1 
3873  4487 88.000000 1 
3763  10718  1.000000 0 
4556  4557  1.000000 0 
1280  3711  1.000000 0 
8861  21763 69.000000 1 
2930  6870  1.000000 0 
7615  1745  1.000000 0 
4521  15517 41.000000 1 
3728  11888  1.000000 0 
7475  7863  1.000000 0 
10996  16695 1.000000 1 
5666  13009 56.000000 1 
3039  951  1.000000 0 
1544  11125 5.000000 1 
5201  5562 8.000000 1 
1671  19925 1.000000 1 
17864  20675 45.000000 1 
19696  19697  1.000000 0 
4304  5600 95.000000 1 
7820  7810  1.000000 0 
1166  17394  1.000000 0 
183  3529  1.000000 0 
4959  21503 8.000000 1 
1136  13943  1.000000 0 
6418  12063 4.000000 1 
2903  2820  1.000000 0 
749  15327  1.000000 0 
13225  19472 93.000000 1 
14216  15754 45.000000 1 
6556  3699  1.000000 0 
10951  5362  1.000000 0 
10262  15752 57.000000 1 
8682  11150  1.000000 0 
1738  14609  1.000000 0 
823  450  1.000000 0 
14887  18947 19.000000 1 
6502  11577 5.000000 1 
11464  12439 81.000000 1 
8695  10786  1.000000 0 
20883  13122  1.000000 0 
6449  21752 71.000000 1 
890  2750 73.000000 1 
7637  21704 11.000000 1 
5059  12115 27.000000 1 
1559  4227  1.000000 0 
3073  7562  1.000000 0 
3390  19828 46.000000 1 
9268  16489 0.000000 1 
1551  6270 29.000000 1 
7686  12607  1.000000 0 
11418  13433 34.000000 1 
1161  366  1.000000 0 
2363  5934 49.000000 1 
8489  21394 13.000000 1 
1804  17581 96.000000 1 
3073  1517  1.000000 0 
6587  14638  1.000000 0 
9596  22367 29.000000 1 
21169  21166  1.000000 0 
5259  20114 88.000000 1 
10955  20631 44.000000 1 
2364  6010  1.000000 0 
16208  16834 37.000000 1 
7463  7462  1.000000 0 
5437  6658  1.000000 0 
16114  23013 83.000000 1 
559  2677  1.000000 0 
7144  14721 56.000000 1 
13841  19516  1.000000 0 
5144  3943  1.000000 0 
10044  20427 94.000000 1 
1589  760  1.000000 0 
7981  6032  1.000000 0 
11650  13238 32.000000 1 
6599  20245 9.000000 1 
17505  17516  1.000000 0 
14160  17985 67.000000 1 
16944  17300 8.000000 1 
1147  11190 90.000000 1 
5730  22180 65.000000 1 
13329  13330  1.000000 0 
5500  15862 15.000000 1 
14399  16897 83.000000 1 
1974  4119 39.000000 1 
1654  2412  1.000000 0 
13803  22341 90.000000 1 
12419  3948  1.000000 0 
15240  6102  1.000000 0 
22546  22545  1.000000 0 
3801  14547 92.000000 1 
13063  18316 55.000000 1 
1023  6301  1.000000 0 
10932  10928  1.000000 0 
19571  10011  1.000000 0 
947  11313  1.000000 0 
2383  9121  1.000000 0 
7329  7346  1.000000 0 
16806  18569 12.000000 1 
19401  15220  1.000000 0 
776  14259 48.000000 1 
4289  930  1.000000 0 
5393  8646 41.000000 1 
440  1409  1.000000 0 
4197  10587 7.000000 1 
5272  5260  1.000000 0 
2480  2479  1.000000 0 
16923  20346 71.000000 1 
1434  3589 72.000000 1 
10019  13518 78.000000 1 
6325  15829 93.000000 1 
16641  22011 89.000000 1 
5160  8236 9.000000 1 
20975  21912 52.000000 1 
6130  22631 26.000000 1 
1213  12093 71.000000 1 
13002  22333 74.000000 1 
3785  10298 48.000000 1 
17483  17494 13.000000 1 
741  1287 95.000000 1 
8448  10887 33.000000 1 
8217  9059 54.000000 1 
19633  21149 85.000000 1 
6961  18359 16.000000 1 
453  21335 65.000000 1 
4207  14426 80.000000 1 
17590  21618 40.000000 1 
1650  7534 94.000000 1 
9270  15474 59.000000 1 
15500  15593 87.000000 1 
13126  22040 5.000000 1 
3344  19336 61.000000 1 
4458  6674 67.000000 1 
3982  13237 39.000000 1 
3965  15512 26.000000 1 
11724  15296 48.000000 1 
932  13307 36.000000 1 
13199  15997 82.000000 1 
4066  6073 51.000000 1 
3820  14628 21.000000 1 
4443  7709 99.000000 1 
1683  19708 94.000000 1 
4516  15377 76.000000 1 
3141  14713 44.000000 1 
2554  16213 88.000000 1 
9668  11945 82.000000 1 
10782  19136 61.000000 1 
7927  19702 59.000000 1 
6512  17702 96.000000 1 
1370  15576 54.000000 1 
20408  21431 59.000000 1 
9678  10606 95.000000 1 
11738  15254 86.000000 1 
3602  4651 18.000000 1 
1599  12894 14.000000 1 
4066  12006 66.000000 1 
10610  15603 27.000000 1 
1795  13049 33.000000 1 
11489  18232 94.000000 1 
18165  19215 99.000000 1 
6797  6921 18.000000 1 
15128  18881 82.000000 1 
8441  19146 78.000000 1 
3541  22138 50.000000 1 
2062  6411 67.000000 1 
13422  17990 94.000000 1 
4070  10550 74.000000 1 
5333  6688 25.000000 1 
21106  22685 93.000000 1 
6533  16503 13.000000 1 
12776  23044 74.000000 1 
13509  19692 17.000000 1 
9588  9769 28.000000 1 
2668  17370 67.000000 1 
13239  15520 87.000000 1 
379  9423 20.000000 1 
739  19725 54.000000 1 
2235  14585 94.000000 1 
13819  14846 38.000000 1 
8906  19979 82.000000 1 
16183  21072 50.000000 1 
9251  23014 13.000000 1 
4268  12525 91.000000 1 
7904  17915 75.000000 1 
12964  17302 60.000000 1 
4141  15650 79.000000 1 
9384  11943 43.000000 1 
6584  11003 30.000000 1 
7888  10909 2.000000 1 
7558  14328 52.000000 1 
1133  3286 43.000000 1 
9544  21852 0.000000 1 
17306  22799 74.000000 1 
2103  16622 61.000000 1 
3823  13754 5.000000 1 
11368  13562 81.000000 1 
8369  16134 62.000000 1 
742  4173 93.000000 1 
11627  18274 51.000000 1 
3039  9231 26.000000 1 
2967  12889 74.000000 1 
1284  16551 11.000000 1 
19948  21475 26.000000 1 
17080  21570 76.000000 1 
579  8385 62.000000 1 
6660  14640 41.000000 1 
2911  8497 79.000000 1 
12764  12939 10.000000 1 
4795  19692 70.000000 1 
3602  14481 83.000000 1 
13200  15296 78.000000 1 
12185  16059 61.000000 1 
1850  19105 5.000000 1 
7398  12930 59.000000 1 
8803  20287 28.000000 1 
11982  17466 11.000000 1 
8054  19391 26.000000 1 
21178  22830 63.000000 1 
13477  21379 84.000000 1 
4632  8603 89.000000 1 
4445  20656 34.000000 1 
6036  8871 15.000000 1 
4294  17495 24.000000 1 
5748  10596 70.000000 1 
4266  21140 6.000000 1 
245  20886 2.000000 1 
735  4381 64.000000 1 
3634  14799 37.000000 1 
11119  16040 22.000000 1 
9917  12779 52.000000 1 
7974  11261 67.000000 1 
12347  21763 50.000000 1 
1199  22166 61.000000 1 
2356  21563 67.000000 1 
16395  16823 61.000000 1 
4430  19915 9.000000 1 
6721  19083 71.000000 1 
6490  11653 13.000000 1 
10289  18160 13.000000 1 
2548  21908 60.000000 1 
12385  16811 16.000000 1 
3461  21488 88.000000 1 
13663  21504 29.000000 1 
14282  16428 45.000000 1 
5603  12360 75.000000 1 
21886  22604 92.000000 1 
1418  5772 59.000000 1 
3082  21050 2.000000 1 
2845  18350 41.000000 1 
8064  10674 6.000000 1 
8805  20985 76.000000 1 
4016  8301 62.000000 1 
1242  16541 28.000000 1 
20205  21398 78.000000 1 
2332  7983 35.000000 1 
4918  16324 77.000000 1 
2585  13959 5.000000 1 
2632  5737 48.000000 1 
11741  16424 29.000000 1 
4444  7973 2.000000 1 
13886  21732 88.000000 1 
10334  19143 53.000000 1 
4010  22467 1.000000 1 
2781  6160 12.000000 1 
3264  18444 15.000000 1 
3439  17323 4.000000 1 
8190  17058 4.000000 1 
1442  12393 66.000000 1 
15503  21940 26.000000 1 
9001  21004 82.000000 1 
6997  15910 13.000000 1 
7866  15726 78.000000 1 
8055  21413 74.000000 1 
230  11905 11.000000 1 
3698  10124 11.000000 1 
14148  17785 50.000000 1 
6927  15406 36.000000 1 
305  1243 6.000000 1 
13261  15504 85.000000 1 
14717  20197 57.000000 1 
20458  20736 5.000000 1 
5354  19825 98.000000 1 
1159  19060 48.000000 1 
16355  21475 68.000000 1 
13640  19283 21.000000 1 
11190  22238 57.000000 1 
7675  19070 3.000000 1 
18566  22325 23.000000 1 
19017  21349 64.000000 1 
17966  22088 99.000000 1 
7102  17203 61.000000 1 
12698  19839 9.000000 1 
2799  14705 45.000000 1 
3514  17030 24.000000 1 
3592  7452 81.000000 1 
9319  12147 85.000000 1 
1255  15800 21.000000 1 
16987  21844 63.000000 1 
14744  15926 48.000000 1 
1485  9019 0.000000 1 
1508  12852 75.000000 1 
6819  22142 56.000000 1 
7784  22962 82.000000 1 
4968  12720 25.000000 1 
16053  17129 50.000000 1 
4282  8279 79.000000 1 
1897  16542 90.000000 1 
5900  20318 68.000000 1 
7514  21214 21.000000 1 
1991  10288 71.000000 1 
2618  10770 80.000000 1 
9043  9074 35.000000 1 
1277  5753 26.000000 1 
4437  12407 96.000000 1 
106  20874 72.000000 1 
718  22882 45.000000 1 
12236  19343 55.000000 1 
533  16628 76.000000 1 
2194  8649 5.000000 1 
8951  18444 57.000000 1 
15745  22807 18.000000 1 
5813  7707 60.000000 1 
2839  15835 56.000000 1 
5732  9664 77.000000 1 
12869  14563 36.000000 1 
12046  19067 11.000000 1 
8009  14936 13.000000 1 
14342  19673 76.000000 1 
17367  19530 41.000000 1 
1185  8208 9.000000 1 
9  12552 7.000000 1 
3481  20582 26.000000 1 
3872  15154 16.000000 1 
2394  5243 62.000000 1 
17040  22258 15.000000 1 
5461  23039 52.000000 1 
5288  15412 49.000000 1 
3522  19530 25.000000 1 
11483  12881 89.000000 1 
10889  15548 62.000000 1 
10060  19034 68.000000 1 
5726  14087 78.000000 1 
3245  12718 4.000000 1 
1427  15149 41.000000 1 
10585  13048 61.000000 1 
195  19880 72.000000 1 
1500  21678 15.000000 1 
11209  22861 75.000000 1 
16013  19873 7.000000 1 
8935  12094 21.000000 1 
11736  17339 31.000000 1 
2260  22364 64.000000 1 
5398  16191 76.000000 1 
5908  12620 72.000000 1 
179  1178 84.000000 1 
10213  22722 32.000000 1 
1233  16169 94.000000 1 
3444  16533 71.000000 1 
12480  14664 7.000000 1 
9308  15851 95.000000 1 
2042  15669 25.000000 1 
17031  18235 17.000000 1 
7165  9224 91.000000 1 
19024  19390 56.000000 1 
1892  8199 22.000000 1 
7047  19403 70.000000 1 
727  16161 17.000000 1 
7471  16679 92.000000 1 
4465  9726 76.000000 1 
4948  19156 94.000000 1 
7114  18637 76.000000 1 
3638  22378 45.000000 1 
11034  18739 82.000000 1 
18614  18819 49.000000 1 
3007  14254 17.000000 1 
12818  19924 67.000000 1 
8210  21576 47.000000 1 
718  1250 69.000000 1 
11069  12027 91.000000 1 
16247  17083 58.000000 1 
1201  5921 16.000000 1 
12089  19374 67.000000 1 
5109  18417 91.000000 1 
9165  13578 68.000000 1 
4366  13349 96.000000 1 
19300  19490 16.000000 1 
974  5911 66.000000 1 
11486  11614 30.000000 1 
13231  22219 60.000000 1 
214  21139 45.000000 1 
18354  19888 69.000000 1 
5973  22200 52.000000 1 
7807  10963 26.000000 1 
3977  6222 82.000000 1 
3593  8833 13.000000 1 
3078  21234 58.000000 1 
16759  18219 25.000000 1 
258  22218 0.000000 1 
4701  17573 3.000000 1 
8013  14579 16.000000 1 
2327  16267 56.000000 1 
7074  12042 41.000000 1 
8581  10722 85.000000 1 
15964  19207 86.000000 1 
1983  11664 7.000000 1 
16969  18269 90.000000 1 
5401  13269 78.000000 1 
4466  8599 78.000000 1 
5097  10047 65.000000 1 
1608  2893 7.000000 1 
3596  6981 14.000000 1 
6728  12638 84.000000 1 
17598  20824 30.000000 1 
5404  11665 26.000000 1 
9981  21651 44.000000 1 
13914  18352 94.000000 1 
20342  21439 57.000000 1 
15898  20261 82.000000 1 
